2048 1 244.35712 1.00205338809 0.0
2048 2 243.3536 2.0 0.0638871199513
2048 3 81.440768 2.65708418891 0.489183596658
2048 5 17.98144 3.76796714579 0.952723415659
2048 8 5.709824 4.44353182752 1.41992671779
2048 10 5.709824 4.44353182752 1.41992671779
2048 12 5.709824 4.44353182752 1.41992671779
2048 14 5.709824 4.44353182752 1.41992671779
2048 16 5.709824 4.44353182752 1.41992671779
2048 32 5.709824 4.44353182752 1.41992671779
1024 1 488.2176 1.00102564103 0.0
1024 2 487.216128 2.0 0.0452214682187
1024 3 163.06688 2.66153846154 0.480548079032
1024 5 34.726912 3.81846153846 0.921861868697
1024 8 8.010752 4.94358974359 1.44797465795
1024 10 6.701056 4.91487179487 1.50002239525
1024 12 6.701056 4.91487179487 1.50002239525
1024 14 6.701056 4.91487179487 1.50002239525
1024 16 6.701056 4.91487179487 1.50002239525
1024 32 6.701056 4.91487179487 1.50002239525
512 1 976.93696 1.00051229508 0.0
512 2 975.936 2.0 0.031984634279
512 3 326.308352 2.66444672131 0.475895277632
512 5 67.183616 3.84221311475 0.903471339815
512 8 12.2624 5.20645491803 1.40091623173
512 10 7.69792 5.40112704918 1.58236485164
512 12 7.69792 5.40112704918 1.58236485164
512 14 7.69792 5.40112704918 1.58236485164
512 16 7.69792 5.40112704918 1.58236485164
512 32 7.69792 5.40112704918 1.58236485164
256 1 1953.37472 1.00025608195 0.0
256 2 1952.374272 2.0 0.0226223471934
256 3 651.789568 2.66555697823 0.473658611684
256 5 132.084736 3.85454545455 0.894060095833
256 8 19.634688 5.34186939821 1.35212682749
256 10 10.004992 5.93521126761 1.63125405794
256 12 8.69632 5.89321382843 1.66152750252
256 14 8.69632 5.89321382843 1.66152750252
256 16 8.69632 5.89321382843 1.66152750252
256 32 8.69632 5.89321382843 1.66152750252
128 1 3906.249856 1.00012802458 0.0
128 2 3905.249664 2.0 0.0159984636968
128 3 1302.748928 2.66611189348 0.472533759896
128 5 261.880192 3.86083728076 0.889190525221
128 8 35.281408 5.40660606837 1.32446391276
128 10 14.274688 6.21431314812 1.59089883582
128 12 9.69344 6.38945077455 1.73714688157
128 14 9.69344 6.38945077455 1.73714688157
128 16 9.69344 6.38945077455 1.73714688157
128 32 9.69344 6.38945077455 1.73714688157
64 1 7812.999936 1.0000640041 0.0
64 2 7811.999808 2.0 0.0113129843985
64 3 2604.666304 2.66634664619 0.471984678802
64 5 522.465152 3.86367127496 0.886829744778
64 8 66.533952 5.44092421915 1.30865610006
64 10 21.684672 6.35221454173 1.5449139559
64 12 12.00352 6.93388376856 1.78636215992
64 14 10.692544 6.88754480287 1.80900594062
64 16 10.692544 6.88754480287 1.80900594062
64 32 10.692544 6.88754480287 1.80900594062
32 1 15625.499968 1.00003200102 0.0
32 2 15624.499904 2.0 0.0079997439959
32 3 5208.499808 2.66651732855 0.471690989289
32 5 1043.632544 3.8651156837 0.885643743238
32 8 128.02256 5.45649460783 1.299980022
32 10 37.417888 6.42311753976 1.51969254794
32 12 16.27872 7.21818298186 1.74915320247
32 14 11.691872 7.38631636212 1.87762356014
32 16 11.691872 7.38631636212 1.87762356014
32 32 11.691872 7.38631636212 1.87762356014
16 1 31250.499984 1.00001600026 0.0
16 2 31249.499952 2.0 0.0056567637391
16 3 10417.166576 2.66658666539 0.471549675076
16 5 2084.966288 3.86591785469 0.885034116441
16 8 250.993376 5.46434342949 1.29550081685
16 10 67.851024 6.45656730508 1.50413051851
16 12 23.698128 7.35722171555 1.70681830702
16 14 14.002144 7.93369493912 1.92417951069
16 16 12.691552 7.88569417111 1.94357025018
16 32 12.691552 7.88569417111 1.94357025018
8 1 62500.499992 1.00000800006 0.0
8 2 62499.499976 2.0 0.00399996799989
8 3 20833.499952 2.66662933303 0.471476165183
8 5 4168.633136 3.86627893023 0.884736346317
8 8 496.93168 5.46833174665 1.29321396105
8 10 128.703088 6.47390779126 1.49604428118
8 12 39.452856 7.42997143977 1.68313507249
8 14 18.278496 8.21945775566 1.88946848355
8 16 13.691392 8.38537908303 2.00716682482
8 32 13.691392 8.38537908303 2.00716682482
4 1 125000.499996 1.00000400002 0.0
4 2 124999.499988 2.0 0.002828415811
4 3 41667.166644 2.66664666659 0.471440816545
4 5 8334.966572 3.86647946592 0.88458359509
4 8 988.806496 5.47038988156 1.29206576635
4 10 251.39664 6.48265393062 1.49226345315
4 12 69.92966 7.46308185233 1.66911079479
4 14 25.70024 8.35882943532 1.85017118948
4 16 16.002 8.93358773435 2.05099991792
4 32 14.691312 8.88518754075 2.06868700796
2 1 250000.499998 1.000002 0.0
2 2 249999.499994 2.0 0.00199999600002
2 3 83333.499988 2.66665733331 0.471422433596
2 5 16668.633284 3.86656973314 0.884509072963
2 8 1973.55485 5.47146894294 1.29151591327
2 10 495.779794 6.4868989738 1.49018120475
2 12 130.8699 7.47990695981 1.66171708432
2 14 41.460366 8.43207086414 1.8281136018
2 16 20.278688 9.21983443967 2.01839067728
2 32 15.691272 9.38509077018 2.12836076707
